/:                    0.9
0cm:                  0.7958333333333334
style:                0.7958333333333334
font-family:          0.7958333333333334
quot:                 0.7958333333333334
margin:               0.7
msonormal\:           0.6958333333333333
class:                0.6958333333333333
0pt:                  0.6958333333333333
font-size:            0.6958333333333333
14pt:                 0.6958333333333333
teen:                 0.6958333333333333
light:                0.6958333333333333
times:                0.6958333333333333
new:                  0.6958333333333333
roman:                0.6833333333333333
nbsp:                 0.6291666666666667
mondo:                0.6124999999999999
bel:                  0.6083333333333333
goccia:               0.6041666666666666
incontrare:           0.6041666666666666
rimpianto:            0.6
odi_et_amo:           0.6
div:                  0.6
line-height:          0.6
altro:                0.6
volto:                0.6
finestra:             0.6
piovere:              0.6
cuore:                0.6
sputare:              0.6
stesso:               0.6
sentenza:             0.6
dio:                  0.6
due:                  0.6
vetro:                0.6
tormento:             0.6
busso:                0.6
spalancare:           0.6
devastante:           0.6
odio:                 0.6
bello:                0.6
chi_amo:              0.6
