br:                   0.9
/:                    0.6375
neve:                 0.6214285714285714
bimba:                0.6160714285714286
viola:                0.6160714285714286
class:                0.6160714285714286
cadere:               0.6160714285714286
rimanere:             0.6160714285714286
uomo:                 0.6160714285714286
panchina:             0.6107142857142857
blogsubject\:         0.6107142857142857
nbsp:                 0.6107142857142857
casa:                 0.6107142857142857
liquido:              0.6107142857142857
tornare:              0.6107142857142857
city:                 0.6053571428571428
blockquote:           0.6053571428571428
ltr\:                 0.6053571428571428
dire:                 0.6053571428571428
margin-right:         0.6053571428571428
style:                0.6053571428571428
0px\:                 0.6053571428571428
strong:               0.6053571428571428
elvi\:                0.6053571428571428
mentire:              0.6053571428571428
vecchio:              0.6053571428571428
fermata:              0.6053571428571428
rosso:                0.6053571428571428
fischiettare:         0.6053571428571428
diverso:              0.6053571428571428
passato:              0.6
gia:                  0.6
mattone:              0.6
vedere:               0.6
ghiaccio:             0.6
brillare:             0.6
blogcontent\:         0.6
invidioso:            0.6
signora:              0.6
nessuno:              0.6
finestra:             0.6
solleticare:          0.6
sorridere:            0.6
road:                 0.6
macchina:             0.6
pedale:               0.6
foglia:               0.6
pedalare:             0.6
gelato:               0.6
cola:                 0.6
cane:                 0.6
vaso:                 0.6
vernice:              0.6
rossa:                0.6
rovesciare:           0.6
stanza:               0.6
tempo:                0.6
fiaschietta:          0.6
quadratinismo:        0.6
