br:                   0.9
/:                    0.7054054054054054
class:                0.6243243243243243
0\:                   0.6243243243243243
perdere:              0.6243243243243243
riempire:             0.6243243243243243
mangiare:             0.6162162162162163
width:                0.6162162162162163
border:               0.6081081081081081
td:                   0.6081081081081081
30\:                  0.6081081081081081
blogsubject\:         0.6081081081081081
strong:               0.6081081081081081
testa:                0.6081081081081081
nbsp:                 0.6081081081081081
esitare:              0.6081081081081081
confine:              0.6081081081081081
scivolare:            0.6081081081081081
equilibrio:           0.6081081081081081
peso:                 0.6081081081081081
paura:                0.6081081081081081
zavorra:              0.6081081081081081
via:                  0.6081081081081081
volare:               0.6081081081081081
dissolvere:           0.6081081081081081
amaro:                0.6
table:                0.6
blog\:                0.6
cellspacing:          0.6
cellpadding:          0.6
tbody:                0.6
tr:                   0.6
img:                  0.6
http:                 0.6
src:                  0.6
alt:                  0.6
height:               0.6
1\:                   0.6
blogcontent\:         0.6
fermo:                0.6
tenere:               0.6
cosa:                 0.6
pesante:              0.6
conoscere:            0.6
ruvido:               0.6
sotto:                0.6
piede:                0.6
vento:                0.6
dito:                 0.6
punta:                0.6
tendere:              0.6
