/:                    0.9
style:                0.7764705882352941
div:                  0.7411764705882353
font-family:          0.7147058823529412
verdana:              0.7147058823529412
font-size:            0.6970588235294117
color|colore:         0.6882352941176471
nbsp:                 0.6882352941176471
steel:                0.6264705882352941
text-align:           0.6264705882352941
center:               0.6264705882352941
18pt:                 0.6264705882352941
8pt:                  0.6176470588235294
pumping:              0.6176470588235294
out:                  0.6176470588235294
br:                   0.6176470588235294
12pt:                 0.6088235294117647
no.2\:                0.6088235294117647
10pt:                 0.6088235294117647
red_flags:            0.6
cravatte_rosse:       0.6
pettinuature:         0.6
nose:                 0.6
sunset:               0.6
production:           0.6
imagine:              0.6
gallery:              0.6
24pt:                 0.6
huang:                0.6
yin:                  0.6
img:                  0.6
0pt:                  0.6
border:               0.6
nona|none|nono:       0.6
title:                0.6
src:                  0.6
alt:                  0.6
font-style:           0.6
italic:               0.6
font-weight:          0.6
bold:                 0.6
no.2:                 0.6
180x260cm:            0.6
oil:                  0.6
painting:             0.6
on:                   0.6
canvas:               0.6
