/:                    0.9
style:                0.8117647058823529
msonormal\:           0.7411764705882353
class:                0.7411764705882353
blockquote:           0.7058823529411765
margin-right:         0.7058823529411765
0px\:                 0.7058823529411765
ltr\:                 0.7058823529411765
dire:                 0.7058823529411765
0cm:                  0.6882352941176471
font-size:            0.6882352941176471
14px\:                0.6882352941176471
nbsp:                 0.6529411764705882
margin:               0.6352941176470588
0pt\:                 0.6352941176470588
pioggia:              0.6176470588235294
scalciare:            0.6176470588235294
cercare:              0.6176470588235294
tempo:                0.6
solitudine:           0.6
abbandono:            0.6
strong:               0.6
carne:                0.6
serva|servo:          0.6
riscaldare:           0.6
