/:                    0.9
style:                0.7846153846153846
font-size:            0.6923076923076923
14px:                 0.6923076923076923
font-family:          0.6923076923076923
courier:              0.6923076923076923
new\:                 0.6923076923076923
mso-bidi-font-family: 0.6923076923076923
times:                0.6923076923076923
new:                  0.6923076923076923
blockquote:           0.6807692307692308
margin-right:         0.6807692307692308
0px\:                 0.6807692307692308
ltr\:                 0.6807692307692308
dire:                 0.6807692307692308
nbsp:                 0.6807692307692308
blu:                  0.6115384615384615
volo:                 0.6115384615384615
cielo:                0.6
sogno:                0.6
strong:               0.6
rsquo:                0.6
idea:                 0.6
quadro:               0.6
muro:                 0.6
busso:                0.6
entro:                0.6
poi-:                 0.6
via:                  0.6
