chiara:               0.9
raoul:                0.8727272727272728
edoardo:              0.8727272727272728
fratello:             0.8454545454545455
fare:                 0.8181818181818181
partire:              0.7909090909090909
salento:              0.7909090909090909
viaggio:              0.7636363636363637
conoscere:            0.7636363636363637
africo:               0.7636363636363637
andare:               0.7636363636363637
primo:                0.7636363636363637
settembre:            0.7363636363636363
ultimo:               0.7363636363636363
giorno:               0.7363636363636363
estate:               0.7363636363636363
vetrina:              0.7363636363636363
bar:                  0.7363636363636363
qualche:              0.7363636363636363
resistere:            0.7363636363636363
poster:               0.7363636363636363
baggio:               0.7363636363636363
fresco:               0.7363636363636363
eroe:                 0.7363636363636363
metà:                 0.7363636363636363
mondiale:             0.7363636363636363
americano:            0.7363636363636363
anno:                 0.7363636363636363
quell:                0.7363636363636363
innamorato:           0.7363636363636363
venuto:               0.7363636363636363
personaggio:          0.7363636363636363
cambiare:             0.7363636363636363
fiction:              0.7363636363636363
rai:                  0.7363636363636363
grande:               0.7363636363636363
famiglia:             0.7363636363636363
ragazza:              0.6545454545454545
essere:               0.6545454545454545
volere:               0.6272727272727272
via:                  0.6272727272727272
compleanno:           0.6272727272727272
festa:                0.6272727272727272
baciare:              0.6272727272727272
dovere:               0.6272727272727272
amaro:                0.6
amare:                0.6
tanto:                0.6
vita:                 0.6
bambino:              0.6
aiutare:              0.6
rwanda:               0.6
titubante:            0.6
sopratutto:           0.6
vacanza:              0.6
sorpresa:             0.6
ciglio:               0.6
condurre:             0.6
scogliera:            0.6
tuffare:              0.6
accordo:              0.6
sembrare:             0.6
scappare:             0.6
vespa:                0.6
resta:                0.6
benzina:              0.6
soccorrerla:          0.6
misterioso:           0.6
militare:             0.6
scopo:                0.6
convincere:           0.6
immune:               0.6
fascino:              0.6
sorella:              0.6
laura:                0.6
antico:               0.6
clima:                0.6
edo:                  0.6
festaiolo:            0.6
tensione:             0.6
turbare:              0.6
porta:                0.6
furioso:              0.6
litigio:              0.6
due:                  0.6
durante:              0.6
secondo:              0.6
pace:                 0.6
lasciare:             0.6
ragazzo:              0.6
confronto:            0.6
avere:                0.6
cosa:                 0.6
tornata:              0.6
porre:                0.6
fidanzato:            0.6
confessare:           0.6
