sinfonia:             0.9000000000000001
n.9:                  0.9000000000000001
re:                   0.9000000000000001
minore:               0.9000000000000001
anton:                0.9000000000000001
bruckner:             0.9000000000000001
dedica:               0.9000000000000001
speciale:             0.9000000000000001
terremotato:          0.9000000000000001
centro:               0.9000000000000001
podio:                0.9000000000000001
italia:               0.9000000000000001
orchestra:            0.9000000000000001
maggio:               0.9000000000000001
musicale:             0.9000000000000001
fiorentino:           0.9000000000000001
zubin:                0.9000000000000001
replaced-dns:         0.6
mehta:                0.6
