federico:             0.9
fratello:             0.8333333333333333
carcere:              0.8
criminale:            0.7666666666666666
diventare:            0.7666666666666666
avere:                0.7666666666666666
quartiere:            0.7333333333333334
unico:                0.7333333333333334
cosa:                 0.7333333333333334
conta:                0.7333333333333334
rispetto:             0.7333333333333334
migliore:             0.7333333333333334
delinquere:           0.7333333333333334
possibilità:          0.7333333333333334
vita:                 0.7333333333333334
normale:              0.7333333333333334
girato:               0.7333333333333334
tecnica:              0.7333333333333334
green:                0.7333333333333334
screen:               0.7333333333333334
interno:              0.7333333333333334
minorile:             0.7333333333333334
cesare:               0.7333333333333334
beccaria:             0.7333333333333334
milano:               0.7333333333333334
sedici:               0.6
anno:                 0.6
sogno:                0.6
fatta:                0.6
affare:               0.6
ascesa:               0.6
continuare:           0.6
mondo:                0.6
crimine:              0.6
rivale:               0.6
imporre:              0.6
ripudiare:            0.6
porta:                0.6
aprire:               0.6
fiero:                0.6
cambiare:             0.6
cerca:                0.6
rapporto:             0.6
recuperare:           0.6
lara:                 0.6
