diretto:              0.9000000000000001
auditorium:           0.9000000000000001
toscanini:            0.9000000000000001
torino:               0.9000000000000001
john:                 0.9000000000000001
axelrod:              0.9000000000000001
orchestra:            0.9000000000000001
dirigere:             0.9000000000000001
sinfonico:            0.9000000000000001
nazionale:            0.9000000000000001
rai:                  0.9000000000000001
musica:               0.9000000000000001
brahms:               0.9000000000000001
pianoforte:           0.9000000000000001
valentina:            0.9000000000000001
lisitsa:              0.9000000000000001
liszt:                0.6
kodàly:               0.6
listz:                0.6
kodaly:               0.6
