teatro:               0.9
formazione:           0.9
carriera:             0.9
scuola:               0.8454545454545455
attore:               0.8454545454545455
accademia:            0.7909090909090909
arte:                 0.7909090909090909
drammatico:           0.7909090909090909
allievo:              0.7363636363636363
incontrare:           0.7363636363636363
domanda:              0.7363636363636363
ragazzo:              0.7363636363636363
dialogo:              0.7363636363636363
tappa:                0.7363636363636363
ripercorrere:         0.7363636363636363
saliente:             0.7363636363636363
cinema:               0.7363636363636363
diverso:              0.7363636363636363
età:                  0.7363636363636363
scelta:               0.7363636363636363
artistico:            0.7363636363636363
comune:               0.7363636363636363
legare:               0.7363636363636363
esperienza:           0.7363636363636363
frequentare:          0.7363636363636363
italiano:             0.7363636363636363
istituto:             0.7363636363636363
riconoscere:          0.7363636363636363
alto:                 0.7363636363636363
musicale:             0.7363636363636363
coreutica:            0.7363636363636363
teatrale:             0.7363636363636363
formare:              0.7090909090909091
televisione:          0.7090909090909091
nazionale:            0.6818181818181818
attrice:              0.6545454545454545
silvio:               0.6272727272727272
amico:                0.6272727272727272
recitazione:          0.6272727272727272
melato:               0.6272727272727272
mariangela:           0.6272727272727272
genova:               0.6272727272727272
accorso:              0.6
stefano:              0.6
bologna:              0.6
alessandra:           0.6
galante:              0.6
garrone:              0.6
diplomato:            0.6
condirettore:         0.6
vittorio:             0.6
franceschi:           0.6
giuliano:             0.6
lojodice:             0.6
carla:                0.6
signoris:             0.6
francesco:            0.6
montanaro:            0.6
valeria:              0.6
solarino:             0.6
stabile:              0.6
torino:               0.6
bizzarro:             0.6
lucere:               0.6
