edizione:             0.9000000000000001
italiano:             0.9000000000000001
salvatores:           0.9000000000000001
gabriele:             0.9000000000000001
progetto:             0.9000000000000001
ridley:               0.9000000000000001
scott:                0.9000000000000001
video:                0.9000000000000001
inviare:              0.9000000000000001
qualsiasi:            0.9000000000000001
realizzare:           0.9000000000000001
mezzo:                0.9000000000000001
durante:              0.9000000000000001
girare:               0.9000000000000001
ottobre:              0.9000000000000001
desiderio:            0.9000000000000001
sogno:                0.9000000000000001
paura:                0.9000000000000001
riflessione:          0.9000000000000001
cosa:                 0.9000000000000001
importante:           0.9000000000000001
considerare:          0.9000000000000001
giorno:               0.9000000000000001
accadere:             0.9000000000000001
finestra:             0.9000000000000001
vedere:               0.9000000000000001
casa:                 0.9000000000000001
immagine:             0.9000000000000001
ricevere:             0.9000000000000001
risultato:            0.9000000000000001
montare:              0.9000000000000001
primo:                0.9000000000000001
film:                 0.9000000000000001
collettivo:           0.9000000000000001
telecamera:           0.6
smart:                0.6
phones:               0.6
fotocamere:           0.6
