raccontare:           0.9
vicenda:              0.8571428571428572
marco:                0.7714285714285714
biagi:                0.7714285714285714
giudice:              0.7714285714285714
vittorio:             0.7714285714285714
occorsio:             0.7714285714285714
presidente:           0.7714285714285714
regione:              0.7714285714285714
piersanti:            0.7714285714285714
mattarella:           0.7714285714285714
capitano:             0.7714285714285714
natale:               0.7714285714285714
grazia:               0.7714285714285714
storia:               0.7714285714285714
diretto:              0.7285714285714285
quattro:              0.7285714285714285
docu-film:            0.7285714285714285
moderno:              0.7285714285714285
eroe:                 0.7285714285714285
nazionale:            0.7285714285714285
sicilia:              0.7285714285714285
professore:           0.7285714285714285
uomo:                 0.7285714285714285
essere:               0.7285714285714285
vita:                 0.7285714285714285
sacrificio:           0.7285714285714285
difesa:               0.7285714285714285
democrazia:           0.7285714285714285
legalità:             0.7285714285714285
ideale:               0.7285714285714285
integrità:            0.7285714285714285
assassinare:          0.6428571428571428
gianfranco:           0.6428571428571428
massimo:              0.6
poggio:               0.6
giuslavorista:        0.6
nuovo:                0.6
brigata:              0.6
rossa:                0.6
giagni:               0.6
richelmy:             0.6
lorenzo:              0.6
de:                   0.6
fregata:              0.6
morto:                0.6
circostanza:          0.6
misterioso:           0.6
wilma:                0.6
labate:               0.6
gianmarco:            0.6
vittima:              0.6
terrorismo:           0.6
estremo:              0.6
destra:               0.6
anno:                 0.6
piombo:               0.6
pannone:              0.6
dario:                0.6
aita:                 0.6
siciliana:            0.6
cosa:                 0.6
maurizio:             0.6
sciarra:              0.6
