br:                   0.9
/:                    0.8142857142857143
style:                0.7714285714285714
font-size:            0.7285714285714285
14pt:                 0.7285714285714285
font-family:          0.7285714285714285
souvenir:             0.7285714285714285
amore:                0.6428571428571428
center\:              0.6428571428571428
align:                0.6
msonormal\:           0.6
class:                0.6
text-align:           0.6
nbsp:                 0.6
span:                 0.6
foglia:               0.6
dio:                  0.6
voglia:               0.6
piano:                0.6
riposare:             0.6
mano:                 0.6
