/:                    0.9
br:                   0.8915492957746479
amp:                  0.819718309859155
border:               0.6549295774647887
strong:               0.6549295774647887
href:                 0.6507042253521127
page:                 0.6507042253521127
id_page:              0.6507042253521127
sezione_fe:           0.6507042253521127
id:                   0.6507042253521127
setoperasequence:     0.6507042253521127
operatitolostart\:    0.6507042253521127
img:                  0.6507042253521127
title:                0.6507042253521127
src:                  0.6507042253521127
alt:                  0.6507042253521127
em:                   0.6507042253521127
width:                0.6380281690140845
height:               0.6338028169014085
arsmeteo:             0.6295774647887323
0\:                   0.6253521126760563
200\:                 0.6253521126760563
0pt:                  0.6253521126760563
nona|none|nono:       0.6253521126760563
of:                   0.6211267605633802
the:                  0.6211267605633802
ordm:                 0.6169014084507042
dream:                0.6084507042253521
città:                0.6084507042253521
angelo:               0.6084507042253521
origins:              0.6084507042253521
prosdocimo:           0.6084507042253521
div:                  0.604225352112676
style:                0.604225352112676
water\:               0.604225352112676
marzo\:               0.604225352112676
martha:               0.604225352112676
nigerian\:            0.604225352112676
brillante\:           0.604225352112676
alfameteo\:           0.604225352112676
azzurro\:             0.604225352112676
revolution\:          0.604225352112676
ritratto\:            0.604225352112676
world\:               0.604225352112676
tazebao\:             0.604225352112676
130\:                 0.604225352112676
paia\:                0.604225352112676
parasole\:            0.604225352112676
collezione:           0.6
permanente:           0.6
table:                0.6
tbody:                0.6
td:                   0.6
tr:                   0.6
align:                0.6
center\:              0.6
overflow:             0.6
auto:                 0.6
760px:                0.6
560px:                0.6
text-align:           0.6
center:               0.6
400\:                 0.6
190\:                 0.6
de:                   0.6
giuseppe:             0.6
filippo:              0.6
150\:                 0.6
chen:                 0.6
water:                0.6
nieuwenhujis:         0.6
marta:                0.6
vincenzo:             0.6
ampolo:               0.6
marzo:                0.6
flavio:               0.6
ventre:               0.6
nigerian:             0.6
franco:               0.6
torriani:             0.6
brillante:            0.6
alfameteo:            0.6
145\:                 0.6
chenli:               0.6
azzurro:              0.6
155\:                 0.6
ambra:                0.6
lazzari:              0.6
revolution:           0.6
reinoso:              0.6
peicper:              0.6
ritratto:             0.6
reminiscenza:         0.6
194\:                 0.6
giorgio:              0.6
vaccarino:            0.6
world:                0.6
tazebao:              0.6
133\:                 0.6
paio:                 0.6
parasole:             0.6
