/:                    0.9
style:                0.8
0cm:                  0.7952380952380953
font-family:          0.7952380952380953
quot:                 0.7952380952380953
margin:               0.6952380952380952
0pt:                  0.6952380952380952
text-align:           0.6952380952380952
center:               0.6952380952380952
line-height:          0.6952380952380952
align:                0.6952380952380952
center\:              0.6952380952380952
font-size:            0.6952380952380952
14pt:                 0.6952380952380952
teen:                 0.6952380952380952
light:                0.6952380952380952
times:                0.6952380952380952
new:                  0.6952380952380952
roman:                0.680952380952381
nbsp:                 0.6476190476190476
occhio:               0.6047619047619047
meraviglia:           0.6047619047619047
br:                   0.6047619047619047
desiderio:            0.6
segreto:              0.6
mano:                 0.6
prendere:             0.6
resto:                0.6
grigiore:             0.6
lontano:              0.6
svanito:              0.6
cosa:                 0.6
vedere:               0.6
meraviglioso:         0.6
dire:                 0.6
poesia:               0.6
seta|sete:            0.6
anima:                0.6
voglia:               0.6
silenzio:             0.6
mso-spacerun:         0.6
yes:                  0.6
solo:                 0.6
cuore:                0.6
sorriso:              0.6
respirare:            0.6
vibrante:             0.6
