/:                    0.9000000000000001
h1:                   0.7090909090909091
nbsp:                 0.6818181818181818
http:                 0.6545454545454545
href:                 0.6545454545454545
target:               0.6545454545454545
_blank\:              0.6545454545454545
gelatoso\:            0.6545454545454545
title:                0.6545454545454545
crimine:              0.6
gelato:               0.6
lick_link:            0.6
pistacchio:           0.6
limone:               0.6
solo_bronte:          0.6
div:                  0.6
align:                0.6
center\:              0.6
ice:                  0.6
crime:                0.6
