/:                    0.9
msonormal\:           0.7576271186440678
class:                0.7576271186440678
font-size:            0.7322033898305085
style:                0.7322033898305085
16pt:                 0.7322033898305085
color|colore:         0.7322033898305085
black:                0.7322033898305085
fondo:                0.6254237288135593
hellip:               0.6254237288135593
nbsp:                 0.6203389830508474
bianco:               0.6101694915254237
capigliatura:         0.6101694915254237
br:                   0.6101694915254237
legno:                0.6050847457627119
seguire:              0.6050847457627119
polvere:              0.6050847457627119
passo:                0.6050847457627119
sembrare:             0.6050847457627119
testa:                0.6050847457627119
cosa:                 0.6050847457627119
aspettare:            0.6050847457627119
ricordo:              0.6050847457627119
volta:                0.6050847457627119
rsquo:                0.6050847457627119
div:                  0.6
60px:                 0.6
margin:               0.6
vento:                0.6
staccare:             0.6
vista:                0.6
piacere:              0.6
necessitare:          0.6
uccello:              0.6
impigliare:           0.6
filo:                 0.6
nido:                 0.6
intessere:            0.6
abbandonare:          0.6
rimanere:             0.6
lino:                 0.6
tronco:               0.6
divenire:             0.6
nodo:                 0.6
capire:               0.6
chiatta:              0.6
centro:               0.6
mondo:                0.6
succedere:            0.6
solitudine:           0.6
