br:                   0.9
amante:               0.6642857142857143
/:                    0.6642857142857143
noia:                 0.6428571428571428
line-height:          0.6428571428571428
style:                0.6428571428571428
font-size:            0.6428571428571428
14pt:                 0.6428571428571428
font-family:          0.6428571428571428
arial:                0.6428571428571428
mso-bidi-font-size:   0.6428571428571428
10.0pt:               0.6428571428571428
mso-bidi-font-family: 0.6428571428571428
times:                0.6428571428571428
new:                  0.6428571428571428
roman\:               0.6428571428571428
mso-ansi-language:    0.6428571428571428
it:                   0.6428571428571428
mille:                0.6428571428571428
sapore:               0.6428571428571428
cortile:              0.6214285714285714
estasi:               0.6214285714285714
piacere:              0.6214285714285714
condannato:           0.6214285714285714
nbsp:                 0.6214285714285714
sguardo:              0.6214285714285714
ira:                  0.6214285714285714
brutta_vita:          0.6
div:                  0.6
80px:                 0.6
margin:               0.6
notte:                0.6
dolce:                0.6
disposta:             0.6
abbandonare:          0.6
gioioso:              0.6
brutta|brutto:        0.6
vita:                 0.6
giornata:             0.6
gettare:              0.6
stanco:               0.6
alzare:               0.6
colore:               0.6
amaro:                0.6
accidia:              0.6
bocca:                0.6
c\:                   0.6
strano:               0.6
soporifero:           0.6
infernale:            0.6
