0cm:                  0.9
/:                    0.7736842105263158
msonormal\:           0.7421052631578947
class:                0.7421052631578947
margin:               0.7421052631578947
0pt\:                 0.7421052631578947
nbsp:                 0.6473684210526316
rsquo:                0.6473684210526316
rosso:                0.6157894736842106
cuscino:              0.6157894736842106
blockquote:           0.6
margin-right:         0.6
style:                0.6
0px\:                 0.6
ltr\:                 0.6
dire:                 0.6
sistemare:            0.6
com:                  0.6
sussurrare:           0.6
amo:                  0.6
hellip:               0.6
