br:                   0.9
/:                    0.7666666666666666
canarino:             0.6333333333333333
blockquote:           0.6333333333333333
font-size:            0.6333333333333333
style:                0.6333333333333333
17px\:                0.6333333333333333
mente:                0.6
fresco:               0.6
primo:                0.6
mattino:              0.6
tuffo:                0.6
acqua:                0.6
