align:                0.9
center\:              0.9
/:                    0.9
mmmmmmmmm:            0.6749999999999999
nbsp:                 0.6749999999999999
h3:                   0.6
under:                0.6
my:                   0.6
h5:                   0.6
sombrero:             0.6
