/:                    0.9
nbsp:                 0.6857142857142857
de:                   0.6428571428571428
terra:                0.6214285714285714
vent:                 0.6214285714285714
strong:               0.6214285714285714
nuit:                 0.6214285714285714
dans:                 0.6214285714285714
une:                  0.6214285714285714
mare:                 0.6
vento:                0.6
isola:                0.6
città:                0.6
mer:                  0.6
ila:                  0.6
yourcenar:            0.6
villa:                0.6
trascrizione:         0.6
prosdocimo:           0.6
les:                  0.6
trentre-trois:        0.6
noms:                 0.6
dieu:                 0.6
